L	-0.2117	2.5637	1477010443000000	0.0000	2.7500	0.0000	1.0000
R	3.5061	1.5247	1.2146	1477010443400000	-0.0220	3.0991	-0.1097	0.9940
L	0.0351	3.4740	1477010443800000	-0.0938	3.4924	-0.2334	0.9724
R	3.9622	1.6478	0.5779	1477010444200000	-0.2143	3.8735	-0.3535	0.9354
L	-0.4243	4.2645	1477010444600000	-0.3817	4.2365	-0.4679	0.8838
R	5.1203	1.7109	0.8493	1477010445000000	-0.5932	4.5757	-0.5750	0.8181
L	-0.7768	4.7413	1477010445400000	-0.8456	4.8857	-0.6730	0.7396
R	5.6675	1.8016	0.7676	1477010445800000	-1.1348	5.1616	-0.7604	0.6494
L	-1.3629	5.3678	1477010446200000	-1.4564	5.3991	-0.8358	0.5490
R	5.7243	1.8712	0.7739	1477010446600000	-1.8051	5.5945	-0.8980	0.4399
L	-2.2092	5.7477	1477010447000000	-2.1756	5.7445	-0.9461	0.3239
R	5.8194	1.9874	0.5268	1477010447400000	-2.5620	5.8470	-0.9792	0.2028
L	-2.8608	5.9820	1477010447800000	-2.9582	5.9002	-0.9969	0.0785
R	6.4291	2.0674	0.3386	1477010448200000	-3.3579	5.9033	-0.9989	-0.0471
L	-3.6858	5.9811	1477010448600000	-3.7549	5.8563	-0.9851	-0.1719
R	7.0495	2.1830	0.4011	1477010449000000	-4.1429	5.7600	-0.9558	-0.2940
L	-4.3655	5.7658	1477010449400000	-4.5157	5.6157	-0.9114	-0.4115
R	7.0706	2.3030	0.2178	1477010449800000	-4.8675	5.4259	-0.8526	-0.5225
L	-5.2446	5.3655	1477010450200000	-5.1927	5.1935	-0.7804	-0.6252
R	7.1909	2.4566	-0.0217	1477010450600000	-5.4863	4.9222	-0.6959	-0.7181
L	-5.5510	4.3546	1477010451000000	-5.7435	4.6162	-0.6004	-0.7997
R	7.1758	2.5356	-0.3767	1477010451400000	-5.9603	4.2804	-0.4955	-0.8686
L	-6.3585	4.0189	1477010451800000	-6.1333	3.9200	-0.3827	-0.9239
R	6.5914	2.6394	-0.4208	1477010452200000	-6.2599	3.5408	-0.2639	-0.9646
L	-6.5017	2.9147	1477010452600000	-6.3378	3.1487	-0.1409	-0.9900
R	6.8322	2.7508	-0.2154	1477010453000000	-6.3661	2.7500	-0.0157	-0.9999
L	-6.3168	2.3911	1477010453400000	-6.3441	2.3509	0.1097	-0.9940
R	7.0287	2.8315	-0.4135	1477010453800000	-6.2723	1.9576	0.2334	-0.9724
L	-6.4234	1.8176	1477010454200000	-6.1518	1.5765	0.3535	-0.9355
R	5.9151	2.9221	-0.7271	1477010454600000	-5.9844	1.2135	0.4679	-0.8838
L	-5.7496	0.7814	1477010455000000	-5.7729	0.8743	0.5750	-0.8182
R	5.1626	3.0039	-0.9020	1477010455400000	-5.5205	0.5643	0.6730	-0.7396
L	-5.3280	0.3906	1477010455800000	-5.2312	0.2884	0.7604	-0.6495
R	4.4623	3.1144	-0.7542	1477010456200000	-4.9097	0.0509	0.8358	-0.5490
L	-4.9470	-0.0053	1477010456600000	-4.5609	-0.1444	0.8980	-0.4400
R	5.1001	-3.0930	-1.2214	1477010457000000	-4.1904	-0.2945	0.9461	-0.3239
L	-4.0436	-0.4521	1477010457400000	-3.8040	-0.3970	0.9792	-0.2028
R	3.0159	-3.0072	-1.1206	1477010457800000	-3.4079	-0.4502	0.9969	-0.0785
L	-2.6536	-0.3989	1477010458200000	-3.0081	-0.4533	0.9989	0.0471
R	2.4056	-3.0099	-1.4719	1477010458600000	-2.6112	-0.4063	0.9851	0.1719
L	-2.2638	-0.3309	1477010459000000	-2.2232	-0.3100	0.9558	0.2940
R	2.4667	-3.0584	-0.7318	1477010459400000	-1.8504	-0.1657	0.9114	0.4115
L	-1.5972	0.1656	1477010459800000	-1.4986	0.0241	0.8527	0.5225
R	1.1062	2.9292	-0.5385	1477010460200000	-1.1734	0.2565	0.7804	0.6252
L	-0.8832	0.6308	1477010460600000	-0.8798	0.5278	0.6959	0.7181
R	1.4263	2.1946	-0.0405	1477010461000000	-0.6226	0.8338	0.6004	0.7997
L	-0.4754	1.0446	1477010461400000	-0.4058	1.1697	0.4955	0.8686
R	1.6906	1.7152	0.7660	1477010461800000	-0.2327	1.5300	0.3827	0.9239
L	-0.3698	2.0475	1477010462200000	-0.1062	1.9092	0.2639	0.9645
R	2.1582	1.6004	1.3018	1477010462600000	-0.0282	2.3013	0.1409	0.9900
L	0.1111	2.6600	1477010463000000	0.0000	2.7000	0.0157	0.9999
R	2.7901	1.5691	0.8911	1477010463400000	0.0110	3.0997	0.0785	0.9969
L	0.2458	3.7039	1477010463800000	0.0704	3.4949	0.2028	0.9792
R	3.5244	1.5394	0.6718	1477010464200000	0.1789	3.8797	0.3240	0.9461
L	0.4975	4.3810	1477010464600000	0.3348	4.2478	0.4400	0.8980
R	4.9494	1.4770	1.4381	1477010465000000	0.5356	4.5934	0.5491	0.8358
L	0.7880	4.8204	1477010465400000	0.7781	4.9112	0.6495	0.7604
R	5.2680	1.3775	0.5352	1477010465800000	1.0585	5.1961	0.7397	0.6730
L	1.5216	5.2919	1477010466200000	1.3724	5.4436	0.8182	0.5750
R	6.4635	1.2795	0.3503	1477010466600000	1.7149	5.6497	0.8838	0.4679
L	1.9807	5.6273	1477010467000000	2.0805	5.8114	0.9355	0.3534
R	5.8482	1.2120	0.4041	1477010467400000	2.4635	5.9259	0.9724	0.2334
L	2.8380	5.9988	1477010467800000	2.8578	5.9915	0.9940	0.1097
R	6.7970	1.1187	0.7046	1477010468200000	3.2572	6.0072	0.9999	-0.0157
L	3.6669	5.7424	1477010468600000	3.6555	5.9727	0.9900	-0.1409
R	7.2240	0.9441	0.7319	1477010469000000	4.0463	5.8886	0.9646	-0.2639
L	4.3227	5.6104	1477010469400000	4.4234	5.7562	0.9239	-0.3827
R	6.8758	0.9232	0.4963	1477010469800000	4.7810	5.5775	0.8686	-0.4955
L	5.1968	5.2885	1477010470200000	5.1134	5.3554	0.7997	-0.6004
R	7.3965	0.7414	-0.0935	1477010470600000	5.4153	5.0934	0.7181	-0.6959
L	5.6426	4.7921	1477010471000000	5.6820	4.7956	0.6252	-0.7804
R	7.5243	0.6135	-0.3255	1477010471400000	5.9093	4.4668	0.5225	-0.8527
L	6.0580	4.0914	1477010471800000	6.0936	4.1121	0.4115	-0.9114
R	7.2953	0.5234	0.1843	1477010472200000	6.2319	3.7370	0.2940	-0.9558
L	6.2543	3.0882	1477010472600000	6.3222	3.3476	0.1719	-0.9851
R	7.3529	0.4370	-0.5605	1477010473000000	6.3629	2.9500	0.0471	-0.9989
L	6.2601	2.5581	1477010473400000	6.3535	2.5503	-0.0785	-0.9969
R	6.5458	0.3689	0.1814	1477010473800000	6.2941	2.1550	-0.2028	-0.9792
L	6.2871	1.9070	1477010474200000	6.1856	1.7703	-0.3239	-0.9461
R	5.8883	0.1908	-0.3623	1477010474600000	6.0297	1.4022	-0.4400	-0.8980
L	5.6027	1.1617	1477010475000000	5.8289	1.0565	-0.5490	-0.8358
R	5.6458	0.1504	-0.3837	1477010475400000	5.5864	0.7388	-0.6495	-0.7604
L	5.1307	0.3903	1477010475800000	5.3060	0.4539	-0.7396	-0.6730
R	5.2714	0.0217	-0.5682	1477010476200000	4.9920	0.2064	-0.8182	-0.5750
L	4.5329	0.0777	1477010476600000	4.6496	0.0002	-0.8838	-0.4679
R	4.1321	-0.0033	-1.2521	1477010477000000	4.2840	-0.1614	-0.9354	-0.3535
L	4.0467	-0.1678	1477010477400000	3.9010	-0.2759	-0.9724	-0.2334
R	3.6724	-0.0925	-0.5801	1477010477800000	3.5067	-0.3416	-0.9940	-0.1097
L	3.0472	-0.0824	1477010478200000	3.1072	-0.3573	-0.9999	0.0157
R	2.4497	-0.0660	-0.8929	1477010478600000	2.7090	-0.3228	-0.9900	0.1409
L	2.3805	-0.4769	1477010479000000	2.3182	-0.2386	-0.9646	0.2639
R	2.2505	-0.0325	-1.0364	1477010479400000	1.9410	-0.1062	-0.9239	0.3827
L	1.6427	0.1665	1477010479800000	1.5835	0.0725	-0.8686	0.4955
R	0.5693	0.2264	-1.3547	1477010480200000	1.2511	0.2946	-0.7997	0.6004
L	1.0116	0.4401	1477010480600000	0.9492	0.5566	-0.7181	0.6959
R	0.8945	0.9343	0.0628	1477010481000000	0.6825	0.8543	-0.6252	0.7804
L	0.3322	0.7567	1477010481400000	0.4552	1.1832	-0.5225	0.8526
R	1.7105	1.4037	1.1867	1477010481800000	0.2709	1.5379	-0.4115	0.9114
L	0.2712	1.6358	1477010482200000	0.1326	1.9129	-0.2940	0.9558
R	2.1499	1.5469	1.0997	1477010482600000	0.0423	2.3024	-0.1719	0.9851
L	0.0579	2.6003	1477010483000000	0.0016	2.7000	-0.0471	0.9989
